0.33454522486794647
0.016474297337363757
0.00929348308776056
0.007096087232530951
0.005336648932558517
0.003952594478301871
0.003265006478559643
0.0023369412778428437
0.0020771840767093946
0.001194252354913595
0.000987094339271874
0.0007312528395779727
0.0005990453346882772
0.0003137665532824881
0.0002666335922909657
0.00016413534083414507
0.0001261047714409987
8.984547319423609e-05
6.891341361063211e-05
5.561448965500627e-05
3.579334213272027e-05
3.342051807870198e-05
2.8551104411298775e-05
2.210977147422735e-05
2.1697070201128946e-05
1.8505939755441294e-05
1.631948173473294e-05
1.3972639213314965e-05
1.379738096832159e-05
1.3807502906660492e-05
9.071428539031313e-06
9.986332783786954e-06
8.59731682041696e-06
7.514725276214494e-06
7.271433064762839e-06
7.404839443306152e-06
6.4264814441581235e-06
5.559772807305082e-06
5.734836029669123e-06
5.280024801202816e-06
4.506888213757687e-06
5.133078347259201e-06
4.23492769604975e-06
4.118778593552426e-06
3.817562017474782e-06
3.839552857924679e-06
3.286152229826943e-06
4.324429608407715e-06
7.843707495732727e-06
9.500477838416748e-07
2.5952639400181956e-06
2.546355894493155e-06
2.8743380767930683e-06
2.5940996093763444e-06
2.658769737300205e-06
2.2913769024722315e-06
2.4551214546825655e-06
2.3249419052958096e-06
2.2725956306818256e-06
2.839883000079829e-06
1.8231918691231552e-06
1.978532639013374e-06
2.146584267303688e-06
1.9215990815495168e-06
2.1408224018822e-06
1.8709862772182722e-06
1.360260247790152e-07
1.2400892414215246e-07
1.2215655961836035e-07
1.2174724119730136e-07
1.2373695425938522e-07
1.281090988825117e-07
1.5107477762983512e-07
1.3083731979537758e-07
1.2145531848796789e-07
1.2659872211247942e-07
1.2148618440254615e-07
1.250709312302827e-07
1.2132644461232825e-07
1.2086468283481243e-07
1.2035466480368775e-07
1.1915042260519007e-07
1.0869026562358864e-07
1.0380455826252084e-07
1.1580664833058679e-07
1.0883433008985998e-07
1.1007465512435811e-07
9.840524667099747e-08
9.996344257829218e-08
1.0501464106928086e-07
9.9297239821429e-08
1.0795497796309021e-07
1.0694814143407067e-07
1.0027576285738381e-07
1.0510495407345388e-07
9.536321945491145e-08
1.0086131566428925e-07
1.0524821054481598e-07
9.665312357209523e-08
9.780047845539169e-08
9.681577357390942e-08
9.397074630209684e-08
9.616025444571013e-08
9.407696382443666e-08
8.775954753837741e-08
1.091938530043396e-07
8.957352271077025e-08
8.70890242309634e-08
8.972824463758308e-08
9.322901343570372e-08
9.238516035984118e-08
9.555089957953146e-08
1.0029659520152543e-07
9.51998617207171e-08
9.111571709844209e-08
1.0105277385245397e-07
8.884637315074725e-08
8.860822207974428e-08
9.808232710042265e-08
9.094379771313606e-08
8.879731728910797e-08
9.792170936130268e-08
8.317955634610777e-08
8.477486913676699e-08
9.161632297470806e-08
8.490621804750886e-08
8.31199114401781e-08
1.0087991358130441e-07
7.795563161495374e-08
8.491359660077751e-08
8.676587002220903e-08
9.05921367596005e-08
8.706361742329408e-08
8.712921727388716e-08
8.71736513643462e-08
9.788760304043951e-08
9.702804788922669e-08
8.331950845350113e-08
8.03152754562476e-08
9.476425514061215e-08
8.166562161728333e-08
8.459838317106908e-08
8.459204626107841e-08
8.361034486318292e-08
9.188070757957477e-08
5.8138378865154564e-08
5.8286064536475375e-08
5.8520866640161504e-08
6.154442761941599e-08
5.905871371825796e-08
5.9417287474903995e-08
5.8591211188479405e-08
5.944716999038212e-08
5.8382568506575143e-08
5.900586765463557e-08
5.9076335889531307e-08
5.825206524332118e-08
5.802731926361722e-08
5.8163612014058245e-08
6.07693675281293e-08
5.7880969540784784e-08
5.791747660349761e-08
5.7930492301469754e-08
5.8033490442166046e-08
5.793233056567064e-08
5.8350152888568854e-08
5.8018935508898573e-08
5.804667296302316e-08
5.830381540966242e-08
5.8454222618737914e-08
5.907091487266208e-08
5.800884138767147e-08
5.798896351275877e-08
5.8135190052756354e-08
5.816519305118368e-08
5.8387093616546784e-08
5.8151142258592344e-08
5.6506246116688505e-08
5.65538593202839e-08
5.662259508584305e-08
5.677530744932753e-08
5.77351458935423e-08
5.777317457380239e-08
5.7500725856815776e-08
5.673352010846522e-08
5.6645912363194666e-08
5.668224202441985e-08
5.671020880974744e-08
5.6621635446620345e-08
5.657665679232009e-08
5.6588693801630886e-08
5.674458908725571e-08
5.65692178208249e-08
5.654463970571515e-08
5.618268504709835e-08
5.617254685719772e-08
5.619162063016231e-08
5.6215337875024675e-08
5.6210941471385525e-08
5.620126296463327e-08
5.6236401512315656e-08
5.622025235622919e-08
5.6229058154773935e-08
5.623720467305976e-08
5.6238310296115555e-08
5.624923005209394e-08
5.628162205604314e-08
5.629986690667067e-08
5.631153024915706e-08
5.632087573760872e-08
5.6316245672344414e-08
5.631296479428762e-08
5.618176648502286e-08
5.6167510010635994e-08
5.61668604915021e-08
5.615882182724049e-08
5.6159449738451636e-08
5.615939452115048e-08
5.6147383847876406e-08
5.614498747621808e-08
5.614519994086871e-08
5.612407641118817e-08
5.612241751042128e-08
5.610805008001392e-08
5.610386116987753e-08
5.6095512694842976e-08
5.6102094552069154e-08
5.610102320563028e-08
5.609014788066688e-08
5.609818462275131e-08
5.609938095931346e-08
5.6095297216572037e-08
5.610763668819453e-08
5.609750591303712e-08
5.610575958717706e-08
5.6106441858442525e-08
5.610716024454493e-08
5.610763634794707e-08
5.6105888103501236e-08
5.6114608044798736e-08
5.611063467037765e-08
5.611623141401004e-08
5.6117865724165465e-08
5.611641049464096e-08
5.611797444869291e-08
5.611459245969781e-08
5.611973945805877e-08
5.6114838507214054e-08
5.611915075484324e-08
5.6118868150610245e-08
5.612000413522784e-08
5.6121094199695495e-08
5.6123906070939906e-08
5.612253790499453e-08
5.612356965900235e-08
5.6126010594239596e-08
5.613168563013686e-08
5.612569275009169e-08
5.612551025814863e-08
5.61374359314223e-08
5.613224009650465e-08
5.614458491487285e-08
5.6140200481757774e-08
5.6149001371017814e-08
5.614581753860507e-08
5.61425471021682e-08
5.615046139935706e-08
5.614275315514277e-08
5.6140393441833556e-08
5.614355118566227e-08
5.614754252249766e-08
5.615243740633257e-08
5.6144377416951294e-08
5.615611891471983e-08
5.615162585429086e-08
5.615066864098832e-08
5.615096858458509e-08
5.614945102349448e-08
5.615188059800179e-08
5.615400151946125e-08
5.614653310109547e-08
5.6150217998700876e-08
5.614233150458971e-08
5.615217818637917e-08
5.6159196978781064e-08
5.615740890770788e-08
5.615698412422696e-08
5.61553510690102e-08
5.616189821657725e-08
5.616166702064144e-08
5.615864586186224e-08
5.616428162348192e-08
5.61679137827319e-08
5.6169281215156796e-08
5.616242261302391e-08
5.616730554842874e-08
5.616865138176848e-08
5.616666399196904e-08
5.617023537065105e-08
5.6178065171582484e-08
5.617018559289036e-08
5.616908051334674e-08
5.617555582009414e-08
5.617064879340203e-08
5.6170802757584505e-08
5.617653510971203e-08
5.618300035485614e-08
5.61750416443275e-08
5.6182298163648806e-08
5.617484223722528e-08
5.61731429044557e-08
5.6190312095897407e-08
5.617294726658827e-08
5.617828775969958e-08
5.618031422493069e-08
5.618918913347783e-08
5.618775050095903e-08
5.6183858374978756e-08
5.6193533726709164e-08
5.620360206424931e-08
5.618989501880039e-08
5.618960635639519e-08
5.6186878623485547e-08
5.618684610555027e-08
5.619567303478756e-08
5.619083984621183e-08
5.619956712271419e-08
5.61966741532681e-08
5.6195977900925424e-08
5.6198368992120006e-08
5.6196940814477525e-08
5.619432913688139e-08
5.620470777126227e-08
5.620002677493098e-08
5.619151138863549e-08
5.620076921255148e-08
5.619946397029116e-08
5.6208229553354316e-08
5.619627126493181e-08
5.620331118802626e-08
5.6203615232267675e-08
5.6204840971512434e-08
5.621201450580527e-08
5.62097997334928e-08
5.62121742011689e-08
5.6209522493680704e-08
5.621618131753233e-08
5.621410641343636e-08
5.621475533161371e-08
5.622179676593711e-08
5.621554733047379e-08
5.6220128165908374e-08
5.6229500153892275e-08
5.622852451862043e-08
5.622326336061034e-08
5.622323747529103e-08
5.621634459654122e-08
5.622834675479134e-08
5.6237180391764154e-08
5.621868238819302e-08
5.6236255568251746e-08
5.62404543764959e-08
5.6237114043510566e-08
5.623198657181844e-08
5.6240873384607694e-08
5.623274770095494e-08
5.624731967752672e-08
5.623552166774919e-08
5.6240823575915416e-08
5.624293098469027e-08
5.6243280074159593e-08
5.624317230409254e-08
5.624439062417528e-08
5.6248533269495486e-08
5.624813430947071e-08
5.625077725006346e-08
5.625561418136118e-08
5.6260278973959813e-08
5.625374081864692e-08
5.624770160308479e-08
5.625629894924758e-08
5.625384022834796e-08
5.625408129587873e-08
5.6257504370858646e-08
5.625861632605213e-08
5.624970194438148e-08
5.624505881714997e-08
5.625626794696006e-08
5.6253100446425115e-08
5.625343073832729e-08
5.6256007233452885e-08
5.625186915275113e-08
5.625899795996952e-08
5.625497604505122e-08
5.625574057666226e-08
5.626146321185275e-08
5.62560800640833e-08
5.6268955734762206e-08
5.625835032766242e-08
5.626065377199654e-08
5.626300280065193e-08
5.6271540227912374e-08
5.626754574931153e-08
5.626948582262083e-08
5.627382531214035e-08
5.627168102849529e-08
5.627184155901175e-08
5.6287820427875527e-08
5.627492515540822e-08
5.627711847887468e-08
5.628242665731543e-08
5.62772660357999e-08
5.6274505175160845e-08
5.628315997895543e-08
5.6284097886529045e-08
5.628023410713864e-08
5.628056410740014e-08
5.6286931431978175e-08
5.6278345954707104e-08
5.6280652288935175e-08
5.629195755853569e-08
5.628782845683169e-08
5.6290194917645616e-08
5.628976339107879e-08
5.629391710106946e-08
5.628964413655545e-08
5.62930103548601e-08
5.628649335675255e-08
5.629257695914168e-08
5.629431430241258e-08
5.6297548142363515e-08
5.62943654102315e-08
5.6297990897096336e-08
5.62981927654691e-08
5.630861996685999e-08
5.6301868242196936e-08
5.6294766676868886e-08
5.630693062499293e-08
5.629759594050265e-08
5.629800073775973e-08
5.6306314516391534e-08
5.630342684066558e-08
5.629652135508477e-08
5.6295417402334654e-08
5.6296036330129246e-08
5.628408675115781e-08
5.6279330834104594e-08
5.626326917905827e-08
5.624092882284876e-08
5.6244643052436e-08
5.6226344986222854e-08
5.622146933299731e-08
5.6216489453580795e-08
5.621292923678281e-08
5.6208960267903436e-08
5.6216416936685044e-08
5.6214638476497744e-08
5.620841084338429e-08
5.620564151632806e-08
5.621609042285525e-08
5.6214319757427815e-08
5.621268173990078e-08
5.621267041010243e-08
5.6213577032585434e-08
5.6213790787525106e-08
5.621336048054656e-08
5.6220954282308646e-08
5.62242252136509e-08
5.6223245614717143e-08
5.6220582219507956e-08
5.6224831795323576e-08
5.622904251222863e-08
5.6224940290073516e-08
5.623061283376865e-08
5.622330719508758e-08
5.621886225537001e-08
5.622145553309082e-08
5.622170913675183e-08
5.621817716491135e-08
5.622830552740499e-08
5.621760733438254e-08
5.622669716001326e-08
5.622222980373289e-08
5.623099732222962e-08
5.6234455049424295e-08
5.622847410897161e-08
5.622560736951109e-08
5.623428481964598e-08
5.6231088000385596e-08
5.623363372741997e-08
5.622519348720511e-08
5.623476527114546e-08
5.622513591026576e-08
5.6227376718136686e-08
5.623117120635397e-08
5.6231415406812606e-08
5.623531018407174e-08
5.6225699580990007e-08
5.6237406590039306e-08
5.6243113626872464e-08
5.624074753281878e-08
5.624614187782263e-08
5.62431565289833e-08
5.624652136862294e-08
5.625252162364215e-08
5.6248897957322136e-08
5.6241174534536344e-08
5.624518893749786e-08
5.624198189313865e-08
5.623739428368657e-08
5.624058690508876e-08
5.624399679879391e-08
5.62387614112144e-08
5.6240390449743675e-08
5.624448467387421e-08
5.6242318627648466e-08
5.624409196644876e-08
5.624575935572682e-08
5.6247006247758126e-08
5.6252306843541317e-08
5.624514907552013e-08
5.624365909214851e-08
5.624707780135589e-08
5.624452563171387e-08
5.6242835472369165e-08
5.624878574194418e-08
5.624817587710451e-08
5.624349379816769e-08
5.625429571805692e-08
5.6247606324959983e-08
5.625529845823637e-08
5.625724849151661e-08
5.6253526427400315e-08
5.625576322742136e-08
5.6262230584750974e-08
5.6248928495635856e-08
5.625630165797082e-08
5.625009474902049e-08
5.625756135567904e-08
5.624479153730882e-08
5.6253599280124724e-08
5.6251071104556435e-08
5.6254009030854474e-08
5.624955041937556e-08
5.625109113938706e-08
5.625405182691415e-08
5.625284549944948e-08
5.6247105600014785e-08
5.6255899511992614e-08
5.625317783283638e-08
5.6249895898686837e-08
5.625380147548855e-08
5.625321476956976e-08
5.6253454454016734e-08
5.625429433055432e-08
5.6252201141471775e-08
5.6253654559289057e-08
5.62660908158465e-08
5.625376292589385e-08
5.62561181408666e-08
5.6263394253138713e-08
5.6260614122121114e-08
5.6260207544088396e-08
5.6262668067857655e-08
5.6258216972754325e-08
5.6265902292244026e-08
5.62661169751313e-08
5.626424000225898e-08
5.626219488528106e-08
5.625858531050821e-08
5.6266001595893905e-08
5.626209431785492e-08
5.626814390875501e-08
5.626103202553337e-08
5.626295808683387e-08
5.626923496303344e-08
5.6264846707658e-08
5.626910454662609e-08
5.6267709580670183e-08
5.626461327581035e-08
5.6262488885594375e-08
5.6258587997137454e-08
5.6263686401975624e-08
5.625711062501564e-08
5.624363052019994e-08
5.624177842074217e-08
5.6238617924002234e-08
5.625693394821089e-08
5.6242898851190427e-08
5.623848353951418e-08
5.624456592231502e-08
5.624129690873115e-08
5.6234087551242045e-08
5.6242069464879555e-08
5.6235122654698836e-08
5.6234638067204326e-08
5.623374893432424e-08
5.622749425374756e-08
5.622058486636802e-08
5.6214326151428673e-08
5.622664975072836e-08
5.623016961506203e-08
5.622518950144921e-08
5.6219014319469295e-08
5.622446598512221e-08
5.622048763071566e-08
5.6219263508751e-08
5.620872416710173e-08
5.622274561887363e-08
5.621199367559099e-08
5.6222300681254546e-08
5.622641828524587e-08
5.6220228013070416e-08
5.622070890203091e-08
5.6218268426348674e-08
5.621482127333787e-08
5.621747124865721e-08
5.6225588929866587e-08
5.6221878376719365e-08
5.6215817323456984e-08
5.621924007586463e-08
5.6218365374779165e-08
5.6232301322807674e-08
5.6226907627367146e-08
5.6223563816787694e-08
5.6231415853111215e-08
5.6224494499626394e-08
5.622896116215546e-08
5.622742162638186e-08
5.6228001103146943e-08
5.623669242388909e-08
5.623020740020465e-08
5.622931646445493e-08
5.622847031322403e-08
5.6232902721230165e-08
5.623115563892823e-08
5.62309044214182e-08
5.6225076813259864e-08
5.6233360367312615e-08
5.6232964478352526e-08
5.623291365333669e-08
5.623300457452656e-08
5.623607984148859e-08
5.624344463461993e-08
5.6232434629108995e-08
5.622864347708429e-08
5.623343870818427e-08
5.6232272843653866e-08
5.62340094268915e-08
5.622534650576478e-08
5.6235317581139775e-08
5.6239861042379955e-08
5.624321026156829e-08
5.6240736468148316e-08
5.623894534810444e-08
5.623954990154878e-08
5.623827070368451e-08
5.6237046564044657e-08
5.623721354600636e-08
5.6239878752922776e-08
5.6232360777736215e-08
5.6228117025896504e-08
5.623453220163926e-08
5.6230180100869937e-08
5.6235296083686976e-08
5.624337991248405e-08
5.623727976611481e-08
5.6226747397328954e-08
5.6223388266776466e-08
5.620662051872407e-08
5.620391027541734e-08
5.619750041106991e-08
5.618798358372162e-08
5.6181801053280456e-08
5.617091691281482e-08
5.617367186993961e-08
5.6170407690520866e-08
5.6170920947177495e-08
5.618360915034667e-08
5.616458191616374e-08
5.6180550330151196e-08
5.617534653697815e-08
5.6173625525585056e-08
5.6181254518655274e-08
5.617432083230494e-08
5.618220144057702e-08
5.6180633116333746e-08
5.6182460245163404e-08
5.619184548954164e-08
5.619409163090188e-08
5.6200356576346563e-08
5.619682054804942e-08
5.619517823103182e-08
5.6198084593854976e-08
5.618998595324665e-08
5.6196752551584134e-08
5.6193889307392916e-08
5.619802129015328e-08
5.6202329958556e-08
5.620096702446758e-08
5.6206329713201784e-08
5.6202986658236813e-08
5.619821406022075e-08
5.619136333238609e-08
5.619241406071298e-08
5.6205843446563995e-08
5.618907494731593e-08
5.6197847012755905e-08
5.6204418366498986e-08
5.6204474834320006e-08
5.619524723498308e-08
5.619268440278123e-08
5.620343911665028e-08
5.619610352293683e-08
5.6188838833257825e-08
5.6187228870679975e-08
5.61949701984357e-08
5.619117251100859e-08
5.6194002950042656e-08
5.620023329187935e-08
5.619579419823168e-08
5.619523077054133e-08
5.620821775074457e-08
5.619807205330595e-08
5.6198836642361365e-08
5.619584432949621e-08
5.620390427910831e-08
5.620011276032336e-08
5.619570580459433e-08
5.6202164624805994e-08
5.6205993429409376e-08
5.619806981297531e-08
5.620304807069292e-08
5.620375766338709e-08
5.6213248406570145e-08
5.619678170681405e-08
5.620458971865202e-08
5.620911276946374e-08
5.621227424275806e-08
5.62091990332404e-08
5.620747643549878e-08
5.619971521873278e-08
5.621003720412192e-08
5.6209706390801564e-08
5.620418196521901e-08
5.621008036252304e-08
5.620740989723688e-08
5.6203927575011934e-08
5.6203284516160876e-08
5.620375068168608e-08
5.619891333060253e-08
5.6202729683032843e-08
5.6211726537151376e-08
5.620504667540196e-08
5.621138841513895e-08
5.6207834676298994e-08
5.6207189735039944e-08
5.62103287078143e-08
5.620617732211144e-08
5.62122935396494e-08
5.6205739874355146e-08
5.6194666463510154e-08
5.621426254724871e-08
5.620640237149908e-08
5.621380483930309e-08
5.6204806323716475e-08
5.620693310008343e-08
5.622045216102324e-08
5.6209269539583016e-08
5.621262154703295e-08
5.6220480229228825e-08
5.621927037114446e-08
5.6211444856447185e-08
5.6214929295276425e-08
5.6219042299298915e-08
5.622298300112679e-08
5.621879260627423e-08
5.621478354563963e-08
5.6223733635617784e-08
5.621703131311758e-08
5.622192636486682e-08
5.6213874665150796e-08
5.621108042049203e-08
5.6216907074189975e-08
5.621388035656276e-08
5.621715589229264e-08
5.62168974544665e-08
5.622756834815424e-08
5.622741464468085e-08
5.622211083643143e-08
5.6227463392861574e-08
5.62334916498044e-08
5.6234009139669624e-08
5.622500584294345e-08
5.6222271000187653e-08
5.6227229059579114e-08
5.6220546484687656e-08
5.621980450220336e-08
5.622664136826835e-08
5.6225944877310575e-08
5.623002860679561e-08
5.621932245109896e-08
5.622620559523654e-08
5.623072223879101e-08
5.623663824500549e-08
5.622094810041009e-08
5.6230437570979296e-08
5.623092370505314e-08
5.6234720791523706e-08
5.6231987711868356e-08
5.623857200827109e-08
5.6234040941759605e-08
5.623582920284111e-08
5.623775702282325e-08
5.6237992527087217e-08
5.6232544833933806e-08
5.6235455549273096e-08
5.624876080224766e-08
5.625123522755576e-08
5.625552023329461e-08
5.6251246013841945e-08
5.6246942321005895e-08
5.6243159657492355e-08
5.6252913182180094e-08
5.6257388143212006e-08
5.625395352191264e-08
5.624616027769795e-08
5.624988629221975e-08
5.6249460638235604e-08
5.625460501624929e-08
5.625051624049682e-08
5.6244749404068856e-08
5.6248598663288685e-08
5.624542390708725e-08
5.6252462880140105e-08
5.625138013320212e-08
5.6246056515480784e-08
5.624902129039613e-08
5.624773301632054e-08
5.6260386355172634e-08
5.626365490920151e-08
5.625658588390272e-08
5.6245140516308195e-08
5.625088918705713e-08
5.625657253471364e-08
5.6258885523651664e-08
5.625259500662233e-08
5.6255758322555467e-08
5.625441069960249e-08
5.625793891104578e-08
5.6252732113090024e-08
5.626666140640859e-08
5.625733509995952e-08
5.6261719603775366e-08
5.627212175941858e-08
5.626683705363338e-08
5.626123890924199e-08
5.6264941486458624e-08
5.6268546178459565e-08
5.625510273199298e-08
5.625781691686762e-08
5.625962475764354e-08
5.625747377951934e-08
5.625559290926709e-08
5.6261611502298455e-08
5.6264999659935715e-08
5.6263499402858494e-08
5.626723902727846e-08
5.626575206194595e-08
5.626407310425444e-08
5.6272854422657665e-08
5.6262913898852796e-08
5.625141880210436e-08
5.624349450959418e-08
5.622491201418443e-08
5.6224118981325586e-08
5.6200290899750286e-08
5.620982980341392e-08
5.620538268964768e-08
5.62093228170318e-08
5.620461257709463e-08
5.620355063827693e-08
5.62089134198059e-08
5.620701634140219e-08
5.621337478861483e-08
5.6215637628613126e-08
5.623142143405323e-08
5.621761398909249e-08
5.621261995626563e-08
5.6224107801766374e-08
5.621753071684215e-08
5.6216754457740927e-08
5.620603734342497e-08
5.622002143425887e-08
5.621833498670457e-08
5.62249422034131e-08
5.6230929710199774e-08
5.6233219752319224e-08
5.624085278417091e-08
5.622150595599603e-08
5.623156276489191e-08
5.6235518265274645e-08
5.623375108627892e-08
5.622640437045063e-08
5.622314550242721e-08
5.624842194671475e-08
5.625411221862789e-08
5.625630982832852e-08
5.623978305501215e-08
5.624549869082643e-08
5.624797896662323e-08
5.6239000454935644e-08
5.623976365648845e-08
5.6243985062466135e-08
5.621946418846707e-08
5.6229364514465555e-08
5.623617657339797e-08
5.623087726790382e-08
5.624472628491716e-08
5.622421472342419e-08
5.623211739033643e-08
5.623254443182318e-08
5.623451730145204e-08
5.6230297066455856e-08
5.623399267964667e-08
5.6259156961581836e-08
5.62552818170427e-08
5.6231548333097286e-08
5.623227752757986e-08
5.623592128175608e-08
5.623228792059301e-08
5.6240570683680905e-08
5.623920454596385e-08
5.6233793922107776e-08
5.623437006709908e-08
5.624644498969764e-08
5.6265808498835385e-08
5.625264169564314e-08
5.6256462957358154e-08
5.62495064258216e-08
5.623882046845111e-08
5.6271394001045386e-08
5.6247372168429444e-08
5.624040189001198e-08
5.62490755223053e-08
5.625550818765097e-08
5.6248263272093495e-08
5.626613437193945e-08
5.626480279364241e-08
5.6250446114170844e-08
5.624637467778215e-08
5.626157739801465e-08
5.6269895118214376e-08
5.626471331739952e-08
5.6254108148914834e-08
5.625348787338682e-08
5.626469611943728e-08
5.626162515196581e-08
5.627846448454755e-08
5.626915337434518e-08
5.6245485111859843e-08
5.624270869263265e-08
5.626103331582242e-08
5.6249590047157e-08
5.626706545688878e-08
5.624344182426434e-08
5.6256988657350263e-08
5.625651783883066e-08
5.625847943168674e-08
5.62772618291041e-08
5.6272692637202536e-08
5.6278508747648195e-08
5.625869434877032e-08
5.6272983641570734e-08
5.626299100687978e-08
5.627272630402532e-08
5.625916484471766e-08
5.6270935731912405e-08
5.626191304550014e-08
5.6278704442960005e-08
5.6271240359435174e-08
5.62751867615126e-08
5.626892135209412e-08
5.6273730520083336e-08
5.627119549095918e-08
5.627937507069246e-08
5.629122695887532e-08
5.630764093353239e-08
5.628967304875147e-08
5.629192864633967e-08
5.629555570187784e-08
5.6296841417469324e-08
5.6274411249188266e-08
5.6267917352557216e-08
5.627431655434481e-08
5.626859242118177e-08
5.628119698092155e-08
5.629372399075454e-08
5.6287143096826344e-08
5.6284018220017955e-08
